1585.56093027061
1585.4550645804
1585.34887567765
1585.24236362825
1585.13552849828
1585.02837035403
1584.92088926198
1584.81308528883
1584.70495850144
1584.59650896689
1584.48773675246
1584.37864192561
1584.26922455402
1584.15948470554
1584.04942244823
1583.93903785036
1583.82833098038
1583.71730190694
1583.60595069889
1583.49427742527
1583.38228215532
1583.26996495847
1583.15732590437
1583.04436506284
1582.93108250391
1582.81747829779
1582.70355251491
1582.58930522587
1582.47473650149
1582.35984641278
1582.24463503093
1582.12910242734
1582.01324867359
1581.89707384149
1581.78057800301
1581.66376123033
1581.54662359582
1581.42916517205
1581.31138603179
1581.19328624799
1581.0748658938
1580.95612504258
1580.83706376787
1580.71768214341
1580.59798024313
1580.47795814115
1580.3576159118
1580.23695362959
1580.11597136924
1579.99466920565
1577.37356083805
1577.24524014627
1577.11660132749
1576.98764446126
1576.85836962732
1576.72877690559
1576.59886637619
1576.46863811944
1576.33809221584
1576.20722874608
1576.07604779105
1575.94454943184
1575.81273374971
1575.68060082612
1575.54815074274
1575.41538358139
1575.28229942413
1575.14889835318
1575.01518045096
1574.88114580007
1574.74679448333
1574.61212658371
1574.47714218441
1574.34184136879
1574.20622422043
1574.07029082307
1573.93404126065
1573.79747561732
1573.6605939774
1573.52339642541
1573.38588304605
1573.24805392421
1573.10990914498
1572.97144879364
1572.83267295565
1572.69358171667
1572.55417516253
1572.41445337928
1572.27441645314
1572.13406447052
1571.99339751802
1571.85241568243
1571.71111905073
1571.56950771008
1571.42758174786
1571.2853412516
1571.14278630903
1570.99991700809
1570.85673343688
1570.7132356837
1567.62736520925
1567.47697817289
1567.32627903726
1567.17526789514
1567.02394483952
1566.87230996356
1566.72036336061
1566.56810512422
1566.41553534809
1566.26265412616
1566.1094615525
1565.95595772139
1565.80214272731
1565.6480166649
1565.493579629
1565.33883171463
1565.18377301699
1565.02840363148
1564.87272365366
1564.7167331793
1564.56043230434
1564.40382112491
1564.24689973733
1564.08966823808
1563.93212672385
1563.77427529151
1563.6161140381
1563.45764306086
1563.2988624572
1563.13977232472
1562.98037276121
1562.82066386464
1562.66064573314
1562.50031846507
1562.33968215893
1562.17873691342
1562.01748282743
1561.85592000002
1561.69404853044
1561.53186851813
1561.36938006268
1561.20658326391
1561.04347822178
1560.88006503646
1560.7163438083
1560.5523146378
1560.38797762569
1560.22333287285
1560.05838048034
1559.89312054943
1556.3518018675
1556.17980207436
1556.00749712146
1555.83488711438
1555.66197215889
1555.48875236092
1555.31522782658
1555.14139866217
1554.96726497415
1554.79282686918
1554.61808445409
1554.44303783588
1554.26768712173
1554.09203241902
1553.91607383527
1553.73981147822
1553.56324545575
1553.38637587593
1553.20920284702
1553.03172647745
1552.85394687582
1552.67586415092
1552.4974784117
1552.31878976729
1552.13979832702
1551.96050420037
1551.78090749701
1551.60100832678
1551.4208067997
1551.24030302596
1551.05949711594
1550.87838918018
1550.6969793294
1550.51526767451
1550.33325432658
1550.15093939686
1549.96832299677
1549.78540523791
1549.60218623207
1549.41866609118
1549.23484492739
1549.05072285298
1548.86629998043
1548.68157642239
1548.4965522917
1548.31122770133
1548.12560276448
1547.93967759448
1547.75345230486
1547.56692700931
1543.58079762952
1543.38770131898
1543.19430766523
1543.00061678611
1542.80662879963
1542.61234382395
1542.41776197743
1542.22288337859
1542.0277081461
1541.83223639884
1541.63646825582
1541.44040383625
1541.2440432595
1541.0473866451
1540.85043411276
1540.65318578236
1540.45564177394
1540.25780220773
1540.05966720412
1539.86123688364
1539.66251136704
1539.4634907752
1539.26417522918
1539.06456485022
1538.86465975972
1538.66446007924
1538.46396593051
1538.26317743545
1538.06209471613
1537.86071789478
1537.65904709381
1537.4570824358
1537.25482404349
1537.0522720398
1536.8494265478
1536.64628769073
1536.44285559201
1536.23913037522
1536.0351121641
1535.83080108257
1535.6261972547
1535.42130080474
1535.21611185711
1535.01063053637
1534.80485696729
1534.59879127475
1534.39243358385
1534.18578401982
1533.97884270807
1533.77160977418
1529.35257758647
1529.13896106841
1528.92505586174
1528.71086209596
1528.49637990075
1528.28160940591
1528.06655074146
1527.85120403753
1527.63556942445
1527.41964703269
1527.20343699288
1526.98693943583
1526.7701544925
1526.553082294
1526.33572297162
1526.11807665679
1525.90014348113
1525.6819235764
1525.46341707451
1525.24462410756
1525.02554480778
1524.80617930758
1524.58652773954
1524.36659023635
1524.14636693093
1523.92585795629
1523.70506344565
1523.48398353237
1523.26261834997
1523.04096803212
1522.81903271267
1522.5968125256
1522.37430760509
1522.15151808543
1521.9284441011
1521.70508578673
1521.4814432771
1521.25751670717
1521.03330621203
1520.80881192695
1520.58403398734
1520.35897252878
1520.133627687
1519.90799959789
1519.6820883975
1519.45589422202
1519.22941720782
1519.00265749142
1518.77561520948
1518.54829049884
1513.70947451963
1513.4759713094
1513.24218886031
1513.00812731288
1512.77378680781
1512.53916748594
1512.30426948826
1512.06909295592
1511.83363803021
1511.59790485257
1511.36189356462
1511.12560430811
1510.88903722494
1510.65219245716
1510.41507014698
1510.17767043676
1509.93999346902
1509.7020393864
1509.46380833172
1509.22530044795
1508.98651587819
1508.7474547657
1508.5081172539
1508.26850348635
1508.02861360676
1507.788447759
1507.54800608707
1507.30728873513
1507.0662958475
1506.82502756864
1506.58348404315
1506.34166541579
1506.09957183146
1505.85720343522
1505.61456037228
1505.37164278798
1505.12845082782
1504.88498463745
1504.64124436267
1504.39723014941
1504.15294214377
1503.90838049198
1503.66354534044
1503.41843683566
1503.17305512434
1502.92740035329
1502.68147266948
1502.43527222005
1502.18879915225
1501.94205361349
1496.69771912036
1496.44501680976
1496.1920454587
1495.93880521803
1495.68529623879
1495.43151867214
1495.17747266937
1494.92315838193
1494.66857596142
1494.41372555956
1494.15860732822
1493.90322141942
1493.6475679853
1493.39164717817
1493.13545915046
1492.87900405475
1492.62228204375
1492.36529327032
1492.10803788746
1491.85051604832
1491.59272790616
1491.33467361441
1491.07635332663
1490.81776719652
1490.5589153779
1490.29979802477
1490.04041529124
1489.78076733155
1489.52085430012
1489.26067635146
1489.00023364026
1488.73952632131
1488.47855454958
1488.21731848014
1487.95581826823
1487.6940540692
1487.43202603855
1487.16973433192
1486.90717910509
1486.64436051396
1486.38127871459
1486.11793386317
1485.85432611601
1485.59045562957
1485.32632256046
1485.0619270654
1484.79726930125
1484.53234942504
1484.26716759388
1484.00172396507
1478.36721246864
1478.09604935461
1477.82462809733
1477.5529488573
1477.28101179512
1477.00881707156
1476.73636484748
1476.46365528389
1476.19068854195
1475.91746478291
1475.64398416819
1475.37024685932
1475.09625301795
1474.8220028059
1474.54749638507
1474.27273391753
1473.99771556547
1473.72244149118
1473.44691185713
1473.17112682588
1472.89508656013
1472.61879122271
1472.3422409766
1472.06543598486
1471.78837641073
1471.51106241755
1471.23349416879
1470.95567182806
1470.67759555908
1470.39926552571
1470.12068189195
1469.84184482189
1469.56275447978
1469.28341103
1469.00381463702
1468.72396546548
1468.44386368013
1468.16350944583
1467.88290292758
1467.60204429052
1467.32093369989
1467.03957132108
1466.75795731959
1466.47609186104
1466.1939751112
1465.91160723594
1465.62898840126
1465.34611877331
1465.06299851833
1464.7796278027
1458.77128233661
1458.48244383061
1458.19335872466
1457.9040271881
1457.61444939037
1457.32462550101
1457.03455568972
1456.74424012628
1456.45367898063
1456.16287242279
1455.87182062293
1455.58052375132
1455.28898197836
1454.99719547457
1454.70516441057
1454.41288895713
1454.12036928512
1453.82760556551
1453.53459796943
1453.24134666809
1452.94785183285
1452.65411363515
1452.36013224658
1452.06590783884
1451.77144058374
1451.4767306532
1451.18177821928
1450.88658345413
1450.59114653004
1450.29546761941
1449.99954689473
1449.70338452865
1449.40698069391
1449.11033556336
1448.81344930998
1448.51632210686
1448.2189541272
1447.92134554433
1447.62349653167
1447.32540726279
1447.02707791134
1446.7285086511
1446.42969965596
1446.13065109993
1445.83136315712
1445.53183600178
1445.23206980825
1444.93206475098
1444.63182100456
1444.33133874366
1437.96642498129
1437.66073982393
1437.35482020065
1437.0486662888
1436.74227826582
1436.43565630928
1436.12880059684
1435.8217113063
1435.51438861553
1435.20683270252
1434.89904374539
1434.59102192234
1434.28276741168
1433.97428039184
1433.66556104136
1433.35660953886
1433.04742606309
1432.73801079291
1432.42836390727
1432.11848558522
1431.80837600595
1431.49803534873
1431.18746379293
1430.87666151805
1430.56562870366
1430.25436552948
1429.94287217529
1429.63114882101
1429.31919564664
1429.0070128323
1428.6946005582
1428.38195900468
1428.06908835215
1427.75598878114
1427.4426604723
1427.12910360635
1426.81531836413
1426.5013049266
1426.18706347479
1425.87259418985
1425.55789725304
1425.2429728457
1424.92782114929
1424.61244234538
1424.29683661561
1423.98100414175
1423.66494510566
1423.3486596893
1423.03214807474
1422.71541044415
1416.01203417425
1415.6903704806
1415.36848498816
1415.04637788146
1414.72404934513
1414.40149956389
1414.07872872258
1413.7557370061
1413.43252459948
1413.10909168782
1412.78543845632
1412.46156509031
1412.13747177515
1411.81315869636
1411.48862603951
1411.16387399029
1410.83890273447
1410.51371245792
1410.1883033466
1409.86267558658
1409.53682936399
1409.21076486509
1408.88448227622
1408.5579817838
1408.23126357436
1407.90432783451
1407.57717475097
1407.24980451053
1406.9222173001
1406.59441330665
1406.26639271727
1405.93815571912
1405.60970249947
1405.28103324567
1404.95214814516
1404.62304738548
1404.29373115426
1403.9641996392
1403.63445302813
1403.30449150893
1402.97431526959
1402.6439244982
1402.31331938291
1401.98250011199
1401.65146687378
1401.32021985672
1400.98875924933
1400.65708524022
1400.32519801811
1399.99309777178
1392.97011928417
1392.63338044608
1392.29643294999
1391.95927698676
1391.62191274734
1391.28434042277
1390.94656020415
1390.60857228268
1390.27037684965
1389.93197409642
1389.59336421443
1389.25454739522
1388.9155238304
1388.57629371166
1388.23685723079
1387.89721457963
1387.55736595014
1387.21731153434
1386.87705152432
1386.53658611229
1386.1959154905
1385.8550398513
1385.51395938713
1385.17267429049
1384.83118475397
1384.48949097025
1384.14759313207
1383.80549143226
1383.46318606375
1383.12067721951
1382.77796509261
1382.43504987621
1382.09193176353
1381.74861094788
1381.40508762265
1381.06136198129
1380.71743421736
1380.37330452446
1380.0289730963
1379.68444012666
1379.33970580939
1378.99477033841
1378.64963390775
1378.30429671147
1377.95875894375
1377.61302079883
1377.26708247101
1376.9209441547
1376.57460604435
1376.22806833451
1368.90501428082
1368.55413475328
1368.2030601213
1367.8517905812
1367.50032632936
1367.14866756224
1366.79681447636
1366.44476726833
1366.0925261348
1365.74009127252
1365.3874628783
1365.034641149
1364.6816262816
1364.32841847309
1363.97501792057
1363.6214248212
1363.2676393722
1362.91366177087
1362.55949221457
1362.20513090074
1361.85057802687
1361.49583379055
1361.1408983894
1360.78577202114
1360.43045488353
1360.07494717442
1359.71924909172
1359.3633608334
1359.0072825975
1358.65101458215
1358.29455698551
1357.93791000582
1357.58107384141
1357.22404869063
1356.86683475194
1356.50943222384
1356.15184130491
1355.79406219378
1355.43609508915
1355.07794018981
1354.71959769457
1354.36106780234
1354.00235071208
1353.64344662281
1353.28435573364
1352.92507824371
1352.56561435224
1352.20596425851
1351.84612816188
1351.48610626175
1343.8830795658
1343.51902056477
1343.15478036368
1342.79035916339
1342.42575716484
1342.06097456901
1341.69601157694
1341.33086838975
1340.9655452086
1340.6000422347
1340.23435966933
1339.86849771383
1339.50245656959
1339.13623643806
1338.76983752075
1338.40326001922
1338.03650413508
1337.66957007002
1337.30245802576
1336.93516820409
1336.56770080686
1336.20005603596
1335.83223409334
1335.46423518102
1335.09605950106
1334.72770725558
1334.35917864675
1333.9904738768
1333.621593148
1333.25253666271
1332.8833046233
1332.51389723222
1332.14431469197
1331.77455720509
1331.4046249742
1331.03451820194
1330.66423709102
1330.29378184422
1329.92315266434
1329.55234975424
1329.18137331685
1328.81022355514
1328.43890067212
1328.06740487088
1327.69573635453
1327.32389532625
1326.95188198927
1326.57969654687
1326.20733920237
1325.83481015915
1317.97239855605
1317.59614369536
1317.21972182713
1316.8431331559
1316.46637788624
1316.08945622277
1315.71236837017
1315.33511453315
1314.95769491647
1314.58010972493
1314.20235916338
1313.82444343672
1313.44636274987
1313.06811730783
1312.68970731562
1312.31113297831
1311.93239450101
1311.55349208888
1311.17442594712
1310.79519628096
1310.41580329571
1310.03624719667
1309.65652818923
1309.2766464788
1308.89660227083
1308.51639577082
1308.13602718431
1307.75549671687
1307.37480457414
1306.99395096177
1306.61293608547
1306.23176015098
1305.85042336408
1305.46892593061
1305.08726805643
1304.70544994744
1304.32347180959
1303.94133384887
1303.5590362713
1303.17657928295
1302.79396308993
1302.41118789836
1302.02825391444
1301.64516134439
1301.26191039446
1300.87850127095
1300.4949341802
1300.11120932858
1299.7273269225
1299.34328716841
1291.24247095109
1290.85502184583
1290.46742015081
1290.07966607333
1289.6917598207
1289.3037016003
1288.9154916195
1288.52713008574
1288.13861720648
1287.7499531892
1287.36113824142
1286.9721725707
1286.58305638462
1286.1937898908
1285.80437329688
1285.41480681054
1285.02509063949
1284.63522499147
1284.24521007424
1283.85504609562
1283.46473326342
1283.07427178551
1282.68366186977
1282.29290372413
1281.90199755653
1281.51094357495
1281.1197419874
1280.7283930019
1280.33689682653
1279.94525366938
1279.55346373856
1279.16152724223
1278.76944438855
1278.37721538574
1277.98484044203
1277.59231976566
1277.19965356494
1276.80684204816
1276.41388542368
1276.02078389985
1275.62753768507
1275.23414698775
1274.84061201635
1274.44693297933
1274.05311008518
1273.65914354244
1273.26503355963
1272.87078034535
1272.47638410818
1272.08184505675
1263.76390460403
1263.36627646788
1262.96851032218
1262.5706063761
1262.17256483881
1261.77438591952
1261.37606982744
1260.97761677183
1260.57902696193
1260.18030060704
1259.78143791644
1259.38243909947
1258.98330436545
1258.58403392374
1258.18462798371
1257.78508675477
1257.38541044631
1256.98559926777
1256.5856534286
1256.18557313825
1255.78535860621
1255.38501004197
1254.98452765506
1254.583911655
1254.18316225134
1253.78227965365
1253.38126407151
1252.98011571451
1252.57883479228
1252.17742151443
1251.77587609061
1251.37419873049
1250.97238964374
1250.57044904005
1250.16837712912
1249.76617412067
1249.36384022444
1248.96137565018
1248.55878060764
1248.15605530661
1247.75319995688
1247.35021476824
1246.94709995053
1246.54385571355
1246.14048226717
1245.73697982124
1245.33334858562
1244.9295887702
1244.52570058488
1244.12168423954
1235.60810789017
1235.20132515333
1234.79441908727
1234.38738990213
1233.98023780806
1233.57296301523
1233.1655657338
1232.75804617393
1232.35040454583
1231.94264105966
1231.53475592562
1231.12674935392
1230.71862155477
1230.31037273836
1229.90200311494
1229.4935128947
1229.0849022879
1228.67617150476
1228.26732075553
1227.85835025044
1227.44926019976
1227.04005081373
1226.63072230261
1226.22127487668
1225.81170874619
1225.40202412143
1224.99222121265
1224.58230023016
1224.17226138422
1223.76210488513
1223.35183094317
1222.94143976863
1222.53093157182
1222.12030656303
1221.70956495255
1221.2987069507
1220.88773276777
1220.47664261407
1220.06543669991
1219.6541152356
1219.24267843144
1218.83112649776
1218.41945964486
1218.00767808306
1217.59578202266
1217.18377167399
1216.77164724736
1216.35940895309
1215.94705700148
1215.53459160286
1206.84698442624
1206.43207640013
1206.01705976377
1205.60193472741
1205.1867015013
1204.7713602957
1204.35591132085
1203.94035478697
1203.52469090431
1203.10891988308
1202.69304193351
1202.27705726581
1201.8609660902
1201.44476861686
1201.02846505601
1200.61205561782
1200.19554051248
1199.77891995017
1199.36219414105
1198.94536329529
1198.52842762305
1198.11138733445
1197.69424263966
1197.27699374879
1196.85964087197
1196.44218421932
1196.02462400094
1195.60696042692
1195.18919370737
1194.77132405235
1194.35335167194
1193.9352767762
1193.51709957518
1193.09882027892
1192.68043909747
1192.26195624083
1191.84337191902
1191.42468634205
1191.00589971991
1190.58701226258
1190.16802418002
1189.7489356822
1189.32974697907
1188.91045828056
1188.4910697966
1188.0715817371
1187.65199431196
1187.23230773108
1186.81252220433
1186.39263794157
1177.55263193802
1177.13062855195
1176.70853125297
1176.28634025061
1175.86405575436
1175.44167797372
1175.01920711814
1174.59664339708
1174.17398701997
1173.75123819623
1173.32839713525
1172.90546404642
1172.48243913909
1172.05932262262
1171.63611470632
1171.21281559951
1170.78942551147
1170.36594465147
1169.94237322877
1169.5187114526
1169.09495953217
1168.67111767667
1168.24718609527
1167.82316499714
1167.3990545914
1166.97485508717
1166.55056669354
1166.12618961959
1165.70172407436
1165.2771702669
1164.8525284062
1164.42779870126
1164.00298136105
1163.57807659451
1163.15308461057
1162.72800561814
1162.30283982609
1161.87758744328
1161.45224867856
1161.02682374073
1160.60131283859
1160.1757161809
1159.75003397642
1159.32426643386
1158.89841376193
1158.4724761693
1158.04645386462
1157.62034705654
1157.19415595363
1156.76788076451
1147.79704700585
1147.36897463979
1146.94082297784
1146.51259222795
1146.08428259804
1145.655894296
1145.22742752971
1144.79888250701
1144.3702594357
1143.94155852357
1143.51277997837
1143.08392400782
1142.65499081962
1142.22598062143
1141.79689362089
1141.36773002559
1140.93849004312
1140.50917388101
1140.07978174678
1139.65031384791
1139.22077039186
1138.79115158605
1138.36145763785
1137.93168875464
1137.50184514374
1137.07192701245
1136.64193456802
1136.2118680177
1135.78172756867
1135.35151342811
1134.92122580316
1134.49086490091
1134.06043092843
1133.62992409277
1133.19934460092
1132.76869265986
1132.33796847652
1131.9071722578
1131.47630421059
1131.0453645417
1130.61435345795
1130.18327116611
1129.7521178729
1129.32089378503
1128.88959910915
1128.45823405191
1128.02679881989
1127.59529361966
1127.16371865774
1126.73207414061
1117.65183733652
1117.21871477297
1116.78552739331
1116.35227540315
1115.91895900804
1115.48557841349
1115.05213382497
1114.61862544791
1114.18505348771
1113.75141814972
1113.31771963926
1112.88395816159
1112.45013392195
1112.01624712552
1111.58229797746
1111.14828668288
1110.71421344684
1110.28007847437
1109.84588197045
1109.41162414003
1108.97730518801
1108.54292531925
1108.10848473856
1107.67398365072
1107.23942226046
1106.80480077247
1106.37011939139
1105.93537832184
1105.50057776837
1105.06571793549
1104.63079902769
1104.19582124939
1103.76078480499
1103.32568989881
1102.89053673517
1102.45532551832
1102.02005645246
1101.58472974177
1101.14934559036
1100.71390420232
1100.27840578166
1099.84285053239
1099.40723865844
1098.97157036371
1098.53584585205
1098.10006532727
1097.66422899311
1097.2283370533
1096.79238971151
1096.35638717135
1087.18794311806
1086.75077763432
1086.31356162238
1085.8762952847
1085.43897882369
1085.00161244171
1084.56419634108
1084.12673072407
1083.68921579289
1083.2516517497
1082.81403879661
1082.37637713568
1081.93866696893
1081.50090849831
1081.06310192572
1080.62524745302
1080.18734528202
1079.74939561446
1079.31139865205
1078.87335459643
1078.4352636492
1077.99712601189
1077.558941886
1077.12071147296
1076.68243497415
1076.24411259092
1075.80574452452
1075.3673309762
1074.9288721471
1074.49036823837
1074.05181945104
1073.61322598614
1073.17458804462
1072.73590582737
1072.29717953525
1071.85840936904
1071.41959552948
1070.98073821725
1070.54183763298
1070.10289397724
1069.66390745055
1069.22487825335
1068.78580658607
1068.34669264905
1067.90753664258
1067.4683387669
1067.02909922219
1066.58981820857
1066.15049592612
1065.71113257484
1056.47536891097
1056.03515253212
1055.59489966876
1055.1546105195
1054.7142852829
1054.27392415744
1053.83352734156
1053.39309503362
1052.95262743193
1052.51212473474
1052.07158714024
1051.63101484654
1051.19040805173
1050.74976695378
1050.30909175066
1049.86838264024
1049.42763982033
1048.9868634887
1048.54605384303
1048.10521108096
1047.66433540005
1047.22342699782
1046.78248607171
1046.34151281909
1045.90050743729
1045.45947012356
1045.01840107509
1044.57730048902
1044.1361685624
1043.69500549224
1043.25381147547
1042.81258670898
1042.37133138956
1041.93004571397
1041.48872987889
1041.04738408093
1040.60600851665
1040.16460338252
1039.72316887499
1039.2817051904
1038.84021252504
1038.39869107515
1037.95714103688
1037.51556260634
1037.07395597955
1036.63232135247
1036.19065892102
1035.74896888101
1035.30725142822
1034.86550675835
1025.58292741831
1025.14063334886
1024.69831654482
1024.25597720025
1023.81361550916
1023.37123166548
1022.92882586306
1022.48639829569
1022.0439491571
1021.60147864092
1021.15898694074
1020.71647425006
1020.27394076232
1019.83138667089
1019.38881216906
1018.94621745006
1018.50360270703
1018.06096813305
1017.61831392114
1017.17564026424
1016.73294735521
1016.29023538684
1015.84750455186
1015.40475504291
1014.96198705258
1014.51920077336
1014.0763963977
1013.63357411795
1013.1907341264
1012.74787661526
1012.30500177668
1011.86210980272
1011.41920088537
1010.97627521657
1010.53333298815
1010.09037439189
1009.6473996195
1009.20440886259
1008.76140231272
1008.31838016137
1007.87534259995
1007.43228981977
1006.9892220121
1006.54613936811
1006.10304207892
1005.65993033555
1005.21680432895
1004.77366425001
1004.33051028953
1003.88734263824
994.577996357043
994.134575608111
993.691145534026
993.247706323669
992.804258165842
992.360801249269
991.917335762594
991.473861894383
991.030379833123
990.586889767222
990.143391885007
989.699886374728
989.256373424553
988.812853222574
988.369325956798
987.925791815157
987.482250985501
987.038703655599
986.59515001314
986.151590245735
985.708024540911
985.264453086117
984.820876068721
984.377293676007
983.933706095183
983.490113513373
983.046516117619
982.602914094884
982.159307632047
981.715696915909
981.272082133185
980.828463470512
980.384841114442
979.941215251446
979.497586067915
979.053953750155
978.61031848439
978.166680456763
977.723039853332
977.279396860074
976.835751662884
976.39210444757
975.948455399862
975.504804705403
975.061152549755
974.617499118395
974.173844596717
973.730189170031
973.286533023564
972.842876342458
963.526289527221
963.082667753804
962.639049680598
962.195435490698
961.751825367111
961.308219492756
960.864618050467
960.42102122299
959.977429192984
959.53384214302
959.090260255583
958.646683713068
958.203112697785
957.759547391954
957.31598797771
956.872434637095
956.428887552069
955.985346904499
955.541812876166
955.098285648761
954.654765403889
954.211252323064
953.767746587711
953.324248379168
952.880757878683
952.437275267414
951.993800726432
951.550334436716
951.106876579158
950.663427334558
950.219986883629
949.776555406992
949.33313308518
948.889720098634
948.446316627707
948.002922852659
947.559538953664
947.1161651108
946.67280150406
946.229448313343
945.786105718458
945.342773899123
944.899453034966
944.456143305522
944.012844890238
943.569557968466
943.126282719468
942.683019322418
942.239767956392
941.796528800379
932.491643044134
932.048717605334
931.605808467711
931.162915808019
930.720039802919
930.277180628979
929.834338462671
929.39151348037
928.948705858362
928.505915772832
928.063143399875
927.620388915488
927.177652495575
926.734934315942
926.292234552302
925.849553380272
925.406890975373
924.964247513031
924.521623168576
924.079018117243
923.636432534168
923.193866594396
922.75132047287
922.308794344443
921.866288383866
921.423802765797
920.981337664797
920.538893255329
920.096469711762
919.654067208364
919.21168591931
918.769326018676
918.326987680441
917.884671078488
917.442376386601
917.000103778468
916.557853427679
916.115625507725
915.673420192002
915.231237653806
914.789078066336
914.346941602692
913.904828435878
913.462738738799
913.02067268426
912.578630444969
912.136612193536
911.694618102472
911.252648344189
910.810703091
901.53581756327
901.094454816337
900.653120510228
900.211814814858
899.770537900041
899.329289935489
898.888071090812
898.446881535521
898.005721439023
897.564590970626
897.123490299533
896.682419594848
896.241379025573
895.800368760607
895.359388968747
894.918439818687
894.477521479022
894.036634118243
893.595777904736
893.154953006788
892.714159592583
892.2733978302
891.832667887618
891.391969932712
890.951304133254
890.510670656913
890.070069671255
889.629501343742
889.188965841735
888.748463332489
888.307993983157
887.867557960788
887.427155432328
886.986786564618
886.546451524397
886.106150478298
885.665883592852
885.225651034484
884.785452969517
884.345289564168
883.90516098455
883.465067396673
883.02500896644
882.584985859652
882.144998242004
881.705046279085
881.265130136382
880.825249979275
880.385405973039
879.945598282846
